3320
2494
2387
255
9021
2485
6966
6900
441
567
4154
1512
8730
3127
5418
1690
240
2158
1368
864
308
4828
2144
841
246
570
4340
1564
536
525
1160
98
2112
1334
1242
3015
4278
2856
231
2310
2291
6424
1344
532
3444
1850
9114
0
510
4480
312
364
7917
4480
2408
6643
1674
4550
5664
2916
160
1275
3108
756
2700
35
3404
609
754
5415
696
3515
2870
4185
252
1876
1462
704
1204
1450
6612
32
3268
4914
1144
3192
18
2040
216
1782
896
5280
5244
1156
663
1152
624
3698
6580
3237
8550
6930
2448
1950
2948
90
485
78
918
7912
3588
4592
42
5120
8342
287
3575
356
2112
209
